41223486228572560919372065817454021573456748268590231270137926753500143313104
21346717604021166745440891851638862434444773797724239038283419615211054647593
27150150772773237231950788418070647680251396630388322909799014778901674400217
102630705884761139804284562698732509012312262122430950020789569321692802880125
30802557996300050904231142194910222544584877865160773793557171637278289818687
57752579135227331699027789316603110764206343335804697093047285174051331204491
106169188352523202025403644922541409788516999373987115430292465890675179809446
76473141140697386566873303686085847381124237084539862154876137324977933149891
94385187362686233560244709555181790582351813349048850963470715875341202823756
38592523444172710119785482336090208849293656637230293383718838187091888991272
43707887035165146545536139088420454955371719105297885454765798865847986532059
67081202699511659105855477361329868009707591772164768025844384784409366325379
39405931724680627334196310817010309866755100088181345354010732492124332017192
51796639701499060949958677998196559312547289130202965627763723651563356765963
75326371715936128056830749094406218926917523298579960921116461418075682899028
81386922174190483767486312680945952971674366594519107372000246780881286139059
42954622610743728363817330901210640669753227111464882929465844235430740993118
63877989134231692975887847352636069465525425668483880839346040006464518805650
56260175966163101128921599984753064806722066213245541649675795296705232681416
51462315857335837901637392041697232762632123414161564220002176977045552344764
10656628842612286832541553945466928724205207429034503098271710788885553615672
8689661986388893619769552888080152197126224977450208423434888942805579687895
109440165415944800257183903187476999319642948002701880494643614474725582841960
54107737831505833679590567234613744371827121668689496540016455180426184290206
52380704682146958109281852366657915552495750543110125940598118555479840342809
75729202457468176775632191990503938681072404532406690599926765157732750862815
102326200660083969979318094942683054753770703594342288607932591703404998610520
29495506326451015349319314329003641570233280645269537082889964720023372423819
94526991639594659254328776959657574616645532944068644315412028875123037868661
18290034146888102897253298756128648209138543738029038234403070898810775213403
42535972721269829255598488329648901609542078626676093751754009303591450564710
4500083586540348494902156541234484028139225147073707837635821755065446158315
10217301180949285018160979236035597188197269178067964203642939463977464609878
46633277020927481753931690502582217495043255143193140507445823749632340776519
1487034166133630820747440953800847748373550580206838110687090952727241474942
1536346933340623576506546628709321321895833094869007275555362524791104391154
36435203262879532580249569968934136036746588460867516857141531456488618869732
98957775987689201410070385405491969408889174002601718453601485096693972681411
67668403895336576727627890867703381022697291355257535341690995124027039593929
89841150547606888926276906975306716878234277428305796750322401081398318442586
89815397587746558181978983051676906749924348515327870584549013137345371047907
3013408844167015753260999323446448461851498537094764154695671861053457186420
54670249455842714987613119699879795714067462286143963126770097236414063069469
91177691211018685801260183431728301272922247657320398666210847468247677139948
92359572629570866826657326855019006318081044169083824928755009084016223015673
79024490269327767162457916333895511256463660192693426856421304641260084802121
65005622556428579843428878475765581272314007571405285338318765300153419766489
8247958508936152938169945424112151541216243648979834676167102653972252027183
37016385273477919007283432316951992627122286723757428778650043925283953318410
76079653024708442171789694231561704870319330988549549813762574778469563677726
89106193164361863840130102024357493423570867559833579441728077046527599256835
62347123232834035052905261625813182745357736111201076897865588419916828272886
21204034453383913898239777853857697545134426555915109969501746919004676139492
40534191820113514127664674231540279475789915515395675101878925062132066791875
25832717747698107504190311267198914584430277158839464749239684306524865511447
104515749066217870251878595009459162120762674036586431378597335575496398503987
98476264736899716006594231864355475830249230445915065909859176315791174762286
112603713333388612730269873581112154589301628415946480325167079372029594196080
63296392527696241304263558508909856554775073810089413274467000086558684638307
70047958587216646793436491962966372745316910153742551550925409038907815000270
551756003015249184319151547825730614715319242646535085781795823826030107897
103504659466357359881356363262010047517090535234929680851239207382226732021056
28024683928705810649185285711280836434147733086994589139433577106510102535846
74202914125865028459473500259063488955309321940270736915317194639340109121753
92434520778614123331352548135650733885329632849164419901958170429333814432722
111052438351100814300123492281439964336938362819710169818196179730329971878759
100646616626448002414011256135110367975827090554903607173029029695254063496084
103823249139819371870877352235054854888913356949212749693497046227526687746584
102826359572662247147696711156341529606651144645863457722663468816022742170216
62395458513822496217457286465184409236153835726669460919698489070379779919276
101355320613147204372716060370685937393636999011530637754649356190335481754277
64788788322552474084890875316769219587232274861441136286239150424597171081834
84518533793855774192936367972470756272804826651727688936086438453860639962312
9721471966920209527778663283475323984090918662633312277502437777604311438593
57341071096462910679755254954488313110696639656683639529589067161623238054170
93578110574919305309602532510844093287615147469338834086121266984045348182177
87270439854841996593683415420240032150154836101565929165023777472997149070729
19286202462014301814519333176282939607426120075660416228071735436304981640406
35684438160547828947456634677328583620043158606120642818718711053986551779798
78865834478126658964829634140934886448881732039014978945575001952580326750716
95069249882756303105780354336388275321875464973552832316272417368619953296378
72742181430472690509275841796936641002521576254092521369593325439168115159795
49159009588206544923788751113046885899831120913885636145919888415272102076287
74734041101035576578760066208166305718569195250267258523382974240333956857371
114973031204301598605526825655588553966459250250097963033903948851182101505510
114480157621859891615234878592246601838165279795262372644530519296198932542183
60786011334633548448228045782264936573339358672203033878910863426220093460555
103735050124011582816800773973292486435876362358136413479034748691115110564370
42745005229056579589671689511779903514384132022025834552688563534390586937613
100762844759658497596043087378607387431845171937791736384262963072336398613764
30499922623333754217233899162846328919823456791258031083957733296260607003653
19882266969423181919269878755012329303687238937052438825967154807444481309
97186144637076264153314309505521205370766753817878996008053322676233050111022
101912839009573439371921472771892460127015711711707623320966800070799137029232
58751051655747618663892970921455548277347850661397776649245982891495395540435
90493488730643090739701500026780621143448285411536648490913744137075767247725
92719535817083080609176049228779347470749272866043974222121087859810074609473
108522219259902580424328873350474424322738404051704248194608695475805866192781
9499436429099611670048330940358809008838501476908230459043107531306590177462
30948433391655963070090481112281398456005809432240448850811052651357355718061
78536719939228491452303921424933675377194761312061239584863465316847309179327
102577254067583563382155365771752417129262802104473167265066526324562615111407
77892051239084393419376914283111419913218611784705462579793680180940417025117
30306541131023009740772253047761714033128390594281081707035211754565711895145
14620799550412224686925239409518951456361761823549892199274065983644558073310
941032141594210615608331705420761040763612575887967711405918348571540183712
24548094191581095306453952193598751503193551634706276204358701297095505058691
95841813056125270487602767483475887918565934621281806553552279849528638405364
36654404417575802072247918679600573241056386477523752232363519547016146448483
93624456503586626990486567887870542385824663453506710601436728982377798694472
106386200725509927891117421465328002080847038748611571159259893293515821180513
108485868519082490055686892414725976194356902689978434534321482444167293701033
84133849821379766054558886149920054397213609817512935605290373278672327265264
86625232686006712873665923164344425806864510154991344443979821395661873204002
36576452472735905162328488250109626452320029874236871950151010591338772370892
54777655953048900313151775439487162993328400179290497605136897525991525160366
20125506705947667272225840271245569037262828490975063539833849795981793265073
791750346191747279775925062544001459251909828583131563844594514897209944072
111552006403384839263208848712156633575925466276988037602526657414282296354998
80726143279347092182416217705976618306930902455994492472759716533986672262578
104586157939715598373249741798126992598496943495106288234004152362799424439773
72601717984728095583053282984236709926013118316442781968813207108686073547431
59403983142010186910221596010462948509014151954978621900784477410236142971846
67007343537258733220279830919659157431977925715737344187449502937276369121405
109369575910516620739679227754628240875039413917764764372273084455276268726624
58144546831062863866690304445665981743516799703416432237455298682005305487178
78925945333061097484582748838466655174397313270548240985938487291944552627172
153608376484338692196277367345082326664975948197522505068857728028085808462
29184686705302529419124613871266669721536534681941171285458165647455220663670
79378435888993260488954627161487714356306186483890223691096432906057156916510
94127587999282038626848570379553892771480043923076448228611862718651134368784
54118596652750295669270731991230245905011325029392301379698980863934473503450
42089903374943175983090828361338875328444778143190665972860074983576233904621
93458203849329835424385298254334323845390951377855466717280317662905732544591
87433807989684127063423202640274286841457173256281555552427649546980014825751
18354010266823578710400092503378697919784287220905524581884445229960150409454
41913173060653572246877993300666651981147546924616346374748946372206788480899
86169880080058714243530108277445161568970268384893432078916624467166670172405
58440170666576022276179217704525837352465217657292534065306435278413570375868
83245576112472657373853682538608877690552160854180947921181161660465626689175
111179187735673216544821938234950686732433758049889793465770933913077502328805
5799373577735613430555062754636451366711206556773532384450447941341771288502
87292531282368049897315708200696449470134176401377451305997169338862881533
14563912804721914067480093356761350176568461371193371185055388980329365367752
31204271711303190724976599167794952672521306528761691124382333657613991160745
37971005782407828560508449168444316371498304291945728511596040598215025097918
23904841626620524481275408051211924273688320141007711224873589247157200963040
34665446310988510968625962739105758631583355950697741426941425799378259467348
13351737226130162652017235438118436144797748651194906909738143822038447334319
36181553706316078992758999824493214176987770944704057978659311222103068646373
86629153722447433116815600608106363340193678690813136291735749137046546413325
31289948454634829938900291266219945428114352025482200795605933188516928835600
114752678359633262220006001219931832235357969329870463693133643749508876676806
47001969266230640146880320290377593234191203427980845733598366289661734438456
4851618855120692300003337935461835756713619423499711083654910750172862291947
85056261898346330568326737781719915451671892811851458355112077076181086034334
50542430742407318017688931536587440138082738003405775437948549747486473755633
92365589006053175335343915914361426752746081009404718639172504541206961276326
88700081446675909179861817554351784700004739327972392335291381657526426245217
106237845570461138111489104908698709240840733435891893631044955480580572256507
72588170750128400127538292336819495936137871403349066725104701167918756559128
6142590079985877823536804564192969687102722124140526340605101296008625307076
3310265495617547807831179839628887239923374443677170776376323174585452009030
23179260979555768405600876677072278965149214694785234138823188740155104727558
24535186310660283864956219661132586191068602196031406344168079742576305761454
80093030123855403307111170205113143757660380841221315889172389941659607579987
70829477492986332774902708421328893518624476900347555630917244015747420626707
82083025081840440574434578216864633001086092508787307764977842608757961253466
3593577647292613434121718935308560843266112073354401727108708945185237905437
85097747716739835331456018386117483277305852361748809451113792488294226464037
26194702916450182541528989272491094603361445619964655564796806111629173842743
109046569990484674889126594210375748968738351041206010691229284508329710307877
50916298070383050096286783721975088317159292667080669271549088774180678646112
74415051667487595664275965753532647191948240723168450318905020436308889001811
107645083603564003483187651604865734405584295277707879654298182362949034043550
46005648309388724464291280543128430200323578658952507699903713578665253205905
37595929362872471928943080899558332717653694447498509338434756414694410345878
102304790380858471469737135014770325886747382647287204695606115163185651409418
92616566488047695314227883264448324643690062498994296457301250808372771085477
99413018568442233141029721652676209709223178737864293328907067519671795998637
50777325008146101646168650903544626389225609907081207329956788960955027393044
61305241244251977435171600916903712064448147547138147903331299051003715398005
79129551401755935759618392532338765651477563943834375946804165366156777363877
53958409740807842184834339773536752523052167448981368898701178309331223711777
83566413347843977737632056301316931866350787398056129332696473690948648867678
105509232645579979838801823946290560523442827195329779591726625435695516347213
37166346526084931879578341158858029984570935131244924665618079701098556814633
42923657491699679249939119113959773904039779109082537558920984002171677816816
94785892971930452410549277595690252253605594191247863007035791558162186024653
109958078554468144222610358390101705337617213090105766188143904770822511834768
89168937898214233698836309161014470364545657551565554475380146483514551970113
79688579705596168133673536159786524254770400003245850198584831372641561854882
5895385610758859520822351397148456125772378884352136882528893750428338075345
75293314925961467032323996463976465847629042848914721194196357908109116736384
83162886657180145198282755197931118997139515301152694646833958281670473859140
107141060233749118974084621146919267828320552265219194657074338729563994617039
90372677544557120135980678225782413585371961897353732788089439717128296943619
62774787456503159178425292695279190507472118451865989522094521930782941427121
104198790106849088575967622925294038844984721292054919980682351856321378876622
63407185826594196536728356945181139349896109022638988710585063526084374582149
128646579062878642172209250377236153192626804638682824608363406893026015424
21196607763196817133674183458093234229766405201708039074008582516332245856483
73936506096309456292044530920039168614858773154155711386824060993605233375096
27287970631909614109794763298963895685266340269074957868472013543222620860111
36401835369395297454681884055453542578830362838792531431214395161960992538966
65000825778270119228283654566200319010866007106341746775368627152058650643994
23584131051787614411984659520119051108816420734033375235915987670924376588569
74858535158238914280096888489678009969403365966591426175456650588163664248031
6054633873693395585806469044147409541363490413450795029042728670344840808413
61967790530232808102409738214753876766595321904234629541787955107553989676985
106502024974115758809500849459959945867966996651179209851380111834077923647828
99582272305264465823325854398143642468447997900106583980652113343139210093305
58130206714930721195080132685491451920154341294824942257674178581247944973735
87753886172593948924857818287548616815237901583410807171104577691223287402512
94024316252564928814473278723423983099416292295289048518632506635833040058930
35039871847934770352370345520929475268562146450235400318948450338189295953399
80033524594712180117345329832354731923352486957834846043804068301045515350049
75088286374771364671264628334570143736359632181178488901333914455292267917234
18740607532674460764560941645436409623465385347917910163887979386183126310215
19105282955761669553443192777841459402378881135302009033389831236506395381837
13528468125154953589562254493609497924270273027364932848224593176212497991231
42203231075626491311978377997234167693272199918390634777176162080055097106892
106859909477861333364987796964082524629423774839596459716753514291847971082718
67267710920069945100140340487623255525856768244259157437494603180658736143993
53950043417661866915388527651946143780926867115265440414534295855145714200483
28560496440845892656620958954892265800862280045088766742370663247860062558425
98902423920215906305972071074667225566174574066064664402844123357261053578276
104943758509228609948947933451541104433211773659735486011419018087793077434400
34799632961337826523232844561033537378526568310531295392114593752779444718767
96695654988154919693015970229821749201799120305383565894628357799241737341509
110882780810047854479984251395764036952697637339030429732030076449665302329901
63873244208466998308599260377095827484936680987252638262222965352898799412945
8224031789227365204465242614041452145905596654293237103850283200496161733660
84271101876046556124733523762648718248897000720637420373993952305008004537810
97474641542815737351603285283602524135185429420881027421096359342751583478189
65866042775164438899436837990033918158994485818248990347125671117910006980261
106882992231932366622917774260253690900833290295080872440227094505141280148347
60226960796630438187449485546242201044778137785284371344284071089207428170022
113880793174756871741743050217651214232874467007485877503613224995270364291302
96005538470024326470299177372329347383190147463894039903575376463796558925988
60194361838601514832703507273115514005645673272952573849523680173193115583849
44329865585232650103103396518474589701691132150514269614501844829200638802677
108190355205135721687540141613404784969415001418101975962747594250917034401830
68672071755807041423208410526176716692466456030199418486425650355887963243543
76023537365026864243918030617348088146188376543244094137252625044077718682551
112986210968644090087639315511508392328651281224869690332742517525083727921590
270994270032154202026246747396361619452882270455436554892070879547977072962
5328493380541030838024919441338082652508309772640201989278584548496482912682
27330202566750362575743229480694701115550114198018553158382676637365933354354
115415318649124033995021918944541664025467114899455963696232668358123599996815
90573797219416973512076344943355816927629639457410313289788961094431614610468
102285185138703010425435341248654883937612373728148621126799571076399078206525
74517960674570824241379124321204594676896288496970999710091599070536813716976
49850741386646829091520692807322353279404975706307786123367896097391863426414
41626359621257567980642530643036164298898620959862064156524887178454920410963
10713136577549544817041970712690673560475424205797661082063994049640431737291
95158947917089876773642219053296844260347343208447094464735025678225447689653
111719399023811871926460544903796383416962979053372379831734585221855113477986
50608484227282223392610339083900714074492231720812954186601563295874778938821
91305978761647917700947661750349764347783314046833409395020900096692346287115
14520326449799845627484178849573138398339982825349985804603112527052817967448
57161002071891564349409102547943008134488159028246091872158383822472842259778
29211022761865657194313175337856671527802392864777303227625618488151438501089
115366465010690382324984479337677487659180293488342913775267976776757112983238
56630401606625528432542699375832374921662916932963445077833145240421621829233
18802054194202168041921195749542256694663764960552201712958150290438171594333
114400505371709597542245714989358271036634660624936018134938186299480247682298
59064895548362393243303620290356043016662502012853139862651219686303856331825
91433036728057229351856065777240882482118004003238136345597439974350151438007
68532899820031208422347977238129574613699062137360107723897641903646190987863
78958795756727666316306785391934209440161845363743170045551131221771664302628
3611513804575282558892295657508802566181507319528472890932401344016188948084
8511849660473186659080430538286116942083507686439115496220814406639053787561
8429605598697419888553039936897038085213458093020041000283186229855252743825
75348994983252732468845755992965877619483393219415967536707623913050801713314
69383359055684880182276940567200651581103214666735311254082508307862610045441
51745262524845381601976371073922816656861235407609614083958220063129153030256
106171585621567759638038901744911409131529657509347868807880727758065571747978
51275061463652656041726184782183806244631872073890230489347233061806845259530
51931688909562287159158823482751375028349016733225460870280765994787082656850
8156825362708752262151035028607180683062014685232742496064043836753689039850
36974469870398014552755390688474784087479233079901738131013948763082640481574
14815975376074177347081420311307598787797109607617676519075730780381114874612
88474159080805077624541958192717545646790859053463831141144082553209108327498
78701960314424947295166134750888999120628872247126536334261904880468582992849
102940910440231262146629565363101040355888953801575129382837265701245821341187
67375197618742979950094608612279316536391512033560936948490768239336015770064
82971979268818997700756161940003056640468187673587396992196024306634982678605
3340218322833575042495539686852436431955324637980544864771986926443408043991
114637514781997904010150811164407842243511244263911839403205298184158184867733
87556180294453643616568824578703916257026709635785797476093972324212387307374
92165727953049104704764674808231756316651604311075795611356933440744158101103
79665994659317203724500201834913721351780539533945848771774830575046859423679
3063810449269766669397722238891281257565667729801520002072365150955287029302
75292404569343272619826023997004190837001360676881192848405523004750415536421
50260640953191296019136515815300536747752561463271155334035377166835267804574
11727051453641584691915696180554050948969021678432690868008352478548657514486
48413751877807177739988261214067310096873038025034206908399721657896181667467
10648637199095385909386050933582877742801326100938391320551583416562666570629
29477546004884283211561494733462975135114055199869044809453308676117361245837
9633784232304657332646545574286707487617786925499268323472235801179634340588
95515479906284983663267168176366630059911930063368024768329494281577931288398
7701840700053860607563138544662676802917205015549339250068823377864341851918
112177001911687743058675681676952115244314259110379610909974513224205429371000
51016467420604231355328348475155111021477547530895273060171373632438998006330
112422034724434660741725011087835221782228929858424264585500002090942643216846
68241422887986499179129289307077708973837979017233746027124989605627209533148
23585825521193804312826918055480770299042841452287379055576484784919714605384
80308917224007851910584128555044305229494744562113873747072686366604176878969
106849986637370809663144123520264124377726600698996077463543374637927314629831
58246032184298445832142475979284364158650805110526986094970351264511531493257
1709628116707578523840427665912285918171636186818905685066755181666123195017
114734214534159229445258388676473468678182570687860340002555414801175588746357
80826582970449640361332171110254961002202458507964021136367618551801596963752
31021649882988074404640018633108155387274278820343183264207788922785833354562
103481219425246069469689117139211274274187854073472889495624421659792299319010
18844586275383167799733130892553955348005106824768775449513658059364582213481
65455198097660510780375108889531132773044830244658538587215841930329207475728
34516612209128268286559094964513219639905724598637713519961433901150232601780
80522521171988921328085399244739457452885193005601994112042798204841542358903
28345502930348711414707438671018911908114941317471483493285521742535874457483
97252242893292147702218243140289377347845286708749562682252436095320467549779
19960975976615795962477216316185841746204210732305873767894690570397665064226
48151414609142118895821262361515709932054475269280006691614938037294378671932
34860231135373455658934001982932689553977936498904482745009944978968196832566
88723667928142358751159372947735610504658412285944616907326525078619752076356
81959625902576642504771089454682726638973820255280946553889042150261807306355
110258577375837053504390923681272361013072948347322447609865801194924947898659
112093375398278065446738446035423786927541565916094379966307169327766321285029
52833814115025801703101194732970323166154867411105705987741851444598046965935
23574078277351480466958676290952159084126205064418445560863499188558677308682
99195214212625202103423193456256221481280445217265103933541578672636237143120
14263814080503078562883045357113149226000890815849980874158031680304701661232
19909598351444333929880085223589602502762256300527973570513019471637035741571
305136374543896836204834440357529680154451182593181219613897231056467750088
2179647322737648297087278954156623592143697324559911600812041154508683974166
109305109270943234077111123662051634960665866708514534283864273306276528164326
78648033223170608304922639191867438441557697113396209292088655395362221576472
93567012320230511679334302090951741105351004071299066880579392083088995635237
36044487690812839820318017842531051358021737204283583114454022366888043032899
14045141597720237355745973117028835522390249513823563302652907435100448280200
91435872468269250699091134309880002351153287004599745353839010833134794281287
19424608841492397022601228899194180800829632390626198926683286960641936386734
104324530137602245206692331690641465765600522185567332413248838522334553213209
69282822148426895781306014643917972247475272454314689788509604042024148377
92871871728294949677515583907142673052996578692459536946007972821831470496878
68764684348803209975438011669465183615418342299285986227571296086514848961565
76651864520880543419632386891176088824819473653076011029585917080713231206508
16498032110437743863767665223248373608410685872575492403194993583837608445152
91559156667166820839993917448387295376030297145594011708640169038900981169645
57701064063094397247385113307550031075797658363353294499669347712520670430365
53562945898160012248264531327880077378627051250722239011021765227990961126528
1284879781964819327021744354005651102538797088539401522560735459661457910788
22346580863127237718772232592365842288696842906956529037978956165778848752967
101982913448547278763635547409554010238697115778147370430113673611158938543953
101467708346909635647611945113770347964566552408563324683670334435348673547200
104672705172449332491263969929737063840292235087151821015231506996017007257323
36159435688162641642939835811793955561050824996681353013819076569235375805980
85336790532165780905068169173921676908682463360619143208746968646838426631467
43676495627602903410512343225941652543300660607283635832378243647589558220706
40582903085763379113691847484516912596864480290434400746588220133549592133567
20419836549018341315286154168087163060567306097126306573475370833491119499274
30764569298734658761239190769992909945178658912705823494262768644932013918890
18981183752843608891708772236247367932322105440234775194943257509765286699845
14634046053474036694689648047839753265462638978155941975231196938102224733913
45590089303504631627035326700078524116458728284309556006487360826673621580104
1686916295299979322200153827226616129481237345804259671504100080142043467370
115768375557217210993684275564655505373368937989158294524598236100337561692006
58196727759380871094143419179706144155889515968513798806472251340030093498381
79791026329193797578401924601086773562281496599553348547568927254102566119158
59781096409132859878115711731458425872209819440993633412929508168975855045450
90399027106305807954431897378271338977657952827404171979601687525877511328851
44641795690848635490128850847430718508371937918720892298036878216805637592621
50467951368780543402945090808367304393010431908582306034333564436955165319804
100826061162301514872590135966526733535666330053806153445785824769715002595217
63062308885955028845207340706666207427027451271214220271646305798346711908358
2810062063268351291697653417946763421602028641860241554774888117765742583840
42247202917575859326042439493638975935925557612677206615732650767298283162988
12939638646373376245477094314374768351684265884899953791127241665439526316205
106594631847612013521157509349426211626206131583350416106459285549453589545971
25474863708443158304947431845525182943510257594355983624737279671807539572816
21529075291225696876032178940418243495555615560482659288850695464072258023597
45775102732032484657575977957598361225325752500435345524943670258299918555863
20170916340823300209228711288237883650451910500425644658229341445718177287319
87049239158759698550979835872960998497875294594984962722685218059669408740025
43970249558196154391169240459727360617874997443367491374767103925120572338123
92853679104820483719180816502485378250985691911958871195850573379806091135741
86110585810946602647408829329924205454514818350912335472692694305824039498704
38113556083145140181877533670879805392669891827517577854121720584232822245516
74047566863998458209139831993713581989719809510099195283492169524126124469098
115340639551669339717678376416348778761591408931442250053453573232729349997336
92527228047972256033909773936762193093955916863119177006237152520703883893155
69108907993279777963837084354112874506920491030531494309230452432091396385728
68415889795585697411795817917577046561468141948867914895993158748239746984701
42210866833644591598042974921999934018524457103199921725077206870678142551235
83917563597827341769185274531181388137765934345907653553647479490891499316783
51546582613414011608667247357213903024799181517788228033501621945613915428258
59250834795384583895016328862004289564393408352431279356252713864995577833253
69444886880827113078345417436472999227866919251001492512313849198440194506193
98231836552021658834247371272145591125554423904879516715116151259089344829626
92058739636301452607484923297256912224537741205925458128784646099496366079079
38044773439895972135415158137243232501031103797263473514623468774097072970418
29545447450890024828283362350699940794344336568712282715962752039071707219196
112979159966281746843078346908848088030203081891450278335951692310033173632052
12637983959065812636929215381777055609349882434646057942887276753998114544276
106661962532521247766817753116683491418624528797689755953236943933099677682239
12712101818292105260446573060594501650517600783718455512074581677235936441035
43328146398114548966963151620352019078230479427961827454134145743277503340682
51506233325972332997968929760534260045808394113196148307620659055103347429411
95448566950645599207454083426355668399638772893794027707758750229479197934831
42108745719432077617697292299381397479583405740098097351411995799545575882868
48634154464369823232980654293247322073482879062433107806826154334719913568717
33744229398378990804767536816322579658111074744583311607733799957096622145217
50110274942792354826251089083057032959721642406444436044517642205697120549135
39876040226854172311007205905162079669749780317506605858872163997033786858213
98453403345823806270621729762127875846924249996028283997355643652652113809495
58223818801198309834972986451508811206680781682033413557643796667560474293656
51975062162043767794558733475553677816056291397462455966609805196013440029915
66030832986764664793436792633269124616923933410446531721553098660502471084765
108622413487723970130407832460684119507888736789376369220969642181648663463862
97728194121309515055332901319661605994488985831444156307559723249984997459290
102454031334158823433656063982005549601382699667044380170376905024093230619477
19862805559063822899931789746576552708121066236715071088328133357926852544542
701314965096262226099647405720502981287008551713326009149980807761032292282
24132175806395792914948321638189905630736267177580259810381332663134920538168
30001904608190953894568089737573348846592780709297992818785912729295563272167
35184304644372386203527719412137526631666586255961758410555987584321015685939
67803638781710189738339163813351749525485734733256696830728159405575714719026
79350775719259054325351156927629173719108294765973395531189872014804025830465
95351880886132817463229508677109211068529816438962979826423644202717128079121
101000028877320149619672266865348050329451551309409686320068673611444940309772
102441380325709338070744934670410394118634037389426389636876465760909205374402
26026114768782903310480292537712030799624324541374561129129923665578949158624
46759209444377253523652431796415181781094851374362485337278038255977156243676
53400444704802857301894426782485888781164958375879219448593014028255990930563
78366801438945990046284469525946046928917025241525614272218676914418955254530
107017383716278495108592809919276925244327691043678613953642772097446519235015
61401029334597082600162436752839436136102236467793439058880120055963690633698
99379518260603816414377518016058699706322468631821939859832697972267538116167
100783286958397291935353251802248275240430229553407712787146990108635586015827
25721643304457881210856097444752759624015495400887827917151510589723493144818
40878453328958294132740486674296602301241114286213116762035073268803039387831
37224515831505853477184911661120903443166807932469726570561914626039748092162
42067600545708414242700948075519257399116185621507739885733816197010452065359
35774633985491079401824148585291981608729934276628821016748402234156847675197
10146322602205907387601180891345611407702907096825140528986254938346282714331
7013665137630411930064468653813547632976524615013336009452949540588217817247
19161818005410553808326294693317361910953350451056365736446298003581591969856
5932755332398788226857282126522968978739187038411061839227626593808388962129
78663841289052857575546677883904454032445625346099601498499361829763639582418
76995337345083516245401506657586431286669423323087061782370230429124105785848
97719489314324618953028789150697885006639057146299403587994250512671982816334
8851857187351263142844055662356476084685454619341056905542882016880300809589
36652224493466581639204572173883737698780277687651481999816512409100211774577
19079322953152734057762325329672968149610646743835436733650220791938706558222
89544362182233283694251570447845505860953017122122121756300134568822990510050
61950741925991753211535482087209024686681832100334385601230451324185095175278
3367504606107676494250888221805697392316954420699422603586637619372809363233
39697536974293443658085439914135301040041123037152529291465414376898705371327
101575638252308401086783672338330106239669977200595290099197328070194953645757
74445448896877079627990283173638729189279501165691751771315392850057876112475
56725928602818956064660639522564520374953334552046535101910615562202211931036
27955092883052738527970193426747038253477319315692078379592751335103791727171
62251626554086029927625805134264244524744934399144122675449971634345140082033
41825144832771798114613200719806047845804882608000462401485851467902377649781
113294073897239349608212995194715800418757806244252720651560780179986271369133
86513330786137977301797397046030751516112582143462610988618706017722816429788
40309638585237691038703340913948367029889639829838162757334186800326957949748
73065533140340475372803006704804660845113998309526648826494977944717131589098
84410270219229927685355000888863037440938638212337084862220473482802393032001
11996166888917594244406172376205309755734961418344572026123927567234789837291
112886351748694303801857758298291685165807287376949908618295673598391439948046
56243969764973536199485251527428827006429726008413801350198928629272646838471
63285705471942486704422396753236903653311192252807815457811144338164856931209
630671953496911066832483857677610345951582260247056388678342925706328805513
100940034125784913245006361263298242352833703614745335165791655094402872461824
79696224065786050857630581294496539530196011963270262169038199396320007623133
35831051683588952431405720938215695536499003133875587792064713774536534642944
99142528340002577470000925677857819237314458133898403293399067027017548822048
62900306478457357929680782852927020759729341710403569796278029020024443075248
62608859575329059000087181271753526152447853445256020805238284143103866651681
98825682234893540210889991972740922274893615487531345096509437055767132943622
105665962360518433464951655665017295614414829982465658627059313904435223687095
24727885279913205421894201573380347472537492710896216414686124252653252293951
82969643198068291957939170723494434446709212660665786697519375270358497117848
77077713556936387872722534847304703324429554254780331489859454077517984539835
114735257816762006787153266973662939822177155749573937151235751977410777424575
32149948839436922221766466520423872381559543469629725780510656392576858118219
39645923910491085994403088692775631713564894474254967023781879682230873665347
80619181668325871772807161548160007170269764655403400038257762044170812342395
55043117791454411244079726317148468372598035845827888382042260758022342470280
100492939059453899662648568761023376416694156195584214109702736267298400996640
33605304280717647100969884301169932859854907711375352077842234944866816300845
68611071343475903352386806630478811649950819064911471120974001146240852724271
30083311856184739517737952182260175146470515414586760519497557176074977046541
55453337248344283961367414181361705954206237887297270094897895592250146828598
3718554299480652598899482327507199892719446801025160755918606609539756592185
48078647894900506032620252649427586158949858829631003627934003392069972872361
95823799628247975261912434902940703860852441084861452078841542787636741017872
15885136291202029577775123216830187076652836060150981789363132262640021570443
83798971099401348198732377636728843297316311366595772161027048064613722173009
92731848469653651304656429344974993134541707344120147226645918343633748559755
44450571320948459403947987186736012288223280907017014151256349670252160715494
56634966155804287536409452190418454834673188119374595390895973616646005734424
113916520337565795668185527776548320367233060317578005004088897580768469817481
13450877636708733211697681963314381591472622637723096888839128474757733928125
53946142810239132692535226688161524237876781639456245156188793836253284221507
98740943045110252638747506928542696066908135550728801149297572878535322167544
75464127123885303499468515967590823919896884587841980140473214180677225736587
23424641486079832615510625004210664259503149101504727105353178214431730167531
20841083878154052657165528561930023627553975413483814646470822518844662090206
62208198126229915491187176555775256621359913611266218686995915719101183216033
14355311284595101811230988507435808167263402578277664997667824843708375627515
17468371673879742155345910061759452837964864988875776883671430387544082663816
67250946974651183090018701934108074198530415548865525541920484589081519155312
112702864148256799503673553088046159940908202598047537205656447404082635367894
14733813996542330600907757869945798874776935514682749068205790921167983448489
46907409204521545067346204512120962831878788410671625426430824845956678474229
33089941655393134980399270593021558799839158537106351733599359231369836499455
9405136901345188735194074068843658577513783194036195194487097691913980801166
20110568163417482489501441156667996574382373773042312860084568324110982491064
26563224439703209261668111249302968606832256450501011387807559387487244748842
80662804063929726324288582994901828545072110569310539802293091219075827129822
10199155030687983375613437704464824961322060327361412668434021312605959381894
57657618355138443817831317615176856902785694438495560843939078053779782917797
53119135426835870348210065213864988411322373241477381184355617271678037860817
288604834097779755390376231162796113956183247493534621032236709634712040174
71909071560953814184248073166705067631604921614632125012421748702170989324981
27634950687278591615965035322939770650163512751625775168913895049713809015209
29872035056290132010136546692773305981760780735501945317467183262489921911074
9718951550731392482240842398629217873861351695681872640647591316743408963019
45961397292479664006288114535432340727577838741681267979563191291289141187886
45813435780485175060899860288389467876966180937638614935587026131305977865128
19623334846411061273124327704271073278919079035630434750352129757579429295391
108305369793442726872659918772058823541532637087957592535484042804778414443547
52895700788052748899781120123299640058974348834882108199523648927172406506888
100915512085231045557376944911290351258749363006953096125552866162742230580661
24325285675923108821844661381787991151442112412436965524211103843151436853527
34786316254965034963732046143379626070017702911058983245296011925833188218844
105601428975294405842641014263145324290252748070522783027196141807020325460849
4521405268667497146277425011495904004766436746281812079940989795919604930768
46260013172581919752759213286473831210316665900397202373361439175539146642488
4573491950915847867749477088813981679075262174739209702733958567360034579858
44376491108327032360430961169626933549586024543537761837424622582266584685023
15011157872361986621477985733131433020160418878685220791603525294594053019304
29902918665998877932119586237982588804745682924584925514495760358003285572988
51010823774632020971351660180161785054289000548151679335310006986437827874820
81072810610515132342050282710750763136251455265132548803674409153608290305101
60391404757057595980387701251629271518995158285730929324222444511626506599305
15789799800889998925709632083326048537460990134816156486235000718086066481324
96632099612285921329950895100594050564093399961623444812698660557457908864800
66520730442977633411184173813001224921242112811283306258753458819315542207277
1274983379544958130994077638944133906917754042713244358905176993318970814990
62438177775539601228423927769613085402854856811308083783255844876821460238171
50119521711179244611229140780115138206660956502787088371755413286694481630328
71914339684008212414417891325901682104466664149200928352525001517010957052207
19602072324796687896673572619648262919488432968005482496010000698713372205110
58726320293638167519757127541151140755836864461199181968169029502119229529836
85585082171433195977851336327350043769296765266158490370711211566457499494754
19793740077107799547175697521018617453707237945252944780670182608584795740458
52798350423647218853973382350884774478878793549772185683413372466020697043124
28548358146423021915049250300467749299130972761779099022811674107029241943485
30528373642199035492289428178184531678732888149484637038488002888774261305789
31005151532316045386165331230654722125095463211585741252589493130129832509750
44402463432502372597868450177417537608908892411615404980083585167096657755649
83251912299774949100648145601356633522473397744792969952814147721816086873087
22149910451159163717315348235447086057888546440305602065070225554989265408095
7854393009451998692138456071401497418133974569210330388164691688275432235392
7180811378790179582173061894579402084988008932084941963521412949425988497281
32719177101129307157325166260450355667367693975438233694780115445421778110687
34209989506179836412316839165206641182497976684787664796569526340739207768115
50807382682718073008533465257980568370048730882672895728445697109885055598928
18999681786121876853311278619465689267345686699207593569144136874310669092411
3509653575812791903463236959483884305245475180372929299309598910440125011114
78482746455962393876891835744209614885074763768551923053014938386454564092651
17165654486986277349292016394389786086842806704322553444792744926910332928803
72134678489183379463828923566164309037495219088836763471007624215568150814050
61325828240965743595752670586763437224151294876349230138903141233068954236719
18586249784634669990277972579144494011376065617163844644041132806150790494946
13073548531956415627179017342310608098406007028951080469791670669656086866068
78209245308602968591656181662970415625698206062208245952943715687055930605693
93234180439317344280884597707095371528463892569076104441301106494926804154038
83426245384880989820704907862708771182602285378508278136753763631301504708182
45184455076465323361872795287576433112712023333552566309659010477547299988192
8361409430078182007819906648855164002172218632859152510812212757228576871125
60006876723947343550200881368638042806790038792135160092187420713014542329443
66842948520660172219428230504562874304395408154039604740121748561880888095355
46260120206179347413796818110755203135218691636275537318059008986527841754843
113488807091486246208412327905879448317891341746137897837835529288166798100093
102289185461775745688675235878393513879591801572169694601126929353038203196020
73592654898500079847747049827235924696383096828755901282231558098776438585862
14580203374103750967618158728923533958530378908844344162776330886057195510728
16184275930995932606893116980433414328409937571813507031268873577199618785814
37007234286439931648540550136004255557977592883562943086225721637555443006345
105513585757453751937091932965638041294902675156125963212395546890973211264048
49821869081161755357406497366950030261436162064752011733199473485520451571023
18162410521711016137250851002508810147241240311657933682963972029759598080750
480927379209655302589796237772582511574874395640301754105267856518312670808
86437798059262179717207778647614989982406088953952121793919442432594801283640
88576096883907827200321170998976825710882974647453888997746064693727016280578
17914485305627600167632667054840704121975796121975258818728091632484663581404
112772449088985564474463335343609433921840850742987095664666636833363803915092
93336533348671668038696353778419396570158168060552812738190846866706155624788
10438295059384845569201893299142848783818120070073113045913258555949228024537
83351757834661869159824769126155189579842476526651767128538474036007249210009
30225171962155530780325961546016117488091548721561536293150936182845025959174
91466261962000859721392524973913859986638818617924571736954712736813562667761
77175502041629151503591396576931613360884133313379157916556897180863425773555
50165929101407359320323022174184887924533704740403404329260627022300104932615
54863642710305944441074974411684985114441554496256013568342122351091650119879
329032315117524740743345400998417776741298121190558413388547552325103305565
78535267982254926883835748951987635296983559625982877967880942080903445508263
102032637915768943918557797394623918243562737879488560897748545534270905781946
39350708893868971925996173490346358188587890221917076785003416638887675278917
95821218385596831001083504538832729660469900396353071787627718542923181979644
19389151419681454362886885280957349625301571138752899021979428340464452595402
75836258206242681072143545337607024019118468625610505565110326816188436353461
103903620089810479657183766146631780890130788115514610257160234557019643405107
57614257762218101930435054734634925192832599906104421597389460796055669479404
14826934290727821071806048932797464139276346731124368989300799536157959796994
104982354721137387173161770134888008868568083684077925519598124714034290613296
9990041720075537558200472271105372623234128218090732913354666000689904618399
17964873563118872270785385986320480062724446876860677394441638647532669777681
66381510504884737838312892896730997664064968705459406871544985151164268928478
87109751933507451898024124055198815961178087217537139680542692848553673316838
24425574137385049836728670782569806784689506262050323637504052004373940989090
95347094061282498687336198033706941253777969509772847564895228909506547120193
76982321707925881235164690840548455367697759433369248317044743055969871475514
70161336645966404686893687565901791145201168281525165952159526634176471928738
86117107722979461715330388320280394094413257546228362984493579666477310963458
101387431319487578875806626802533436706604730322112617281223856258032117880072
111702945627610642484213486802840086350595482196341884125410354668931763169133
29090049107246307755120648484641978081210654362349532508001683605345740587302
107439283096101488607214595265559925234182197734642338280161601230571458740849
16704190448058145571160064067578887542503138395898261432850265335013022444603
25308645462902323031642917378556744881944762509382920626747706916837738177140
49475296142479917279787067449303891549942499544225104767428257560549320312486
75213423185211606055294312207264985296858223233346846967506303070541058496782
53045562196701852808515523671415306284872895700280249132262552402503075647598
97767308914682410674934348034723594567911323977296613602854643320963507476274
74609554938670433399269164659484048578427869041003742979982353392468478164098
82629131401005677358653954693178146241163553057442678369358132460250106298053
82994169704222115877558709042899757911597902489753342185072416696029221985543
103989358915855765317866745289757148209839186996448975253079545292387453594121
83128816494358887369840920912516226445501503986990148440102228259980456832323
11837747232316612281453586570301311407021802678332248588632298760819466983821
69865073845963663480145357111300875709660001384092397470346611530111166509334
14386928982685217089605000996044292716874109058734287003511785547699144742823
87674724303110077009046739208065735963629412363646021735498295844429012599119
16615629501853185648955543064063342307821743101284933398429230224815811018677
83009515660810832725563887361961557298199449678545521174432311663299155837181
14941445039752937132878175368457982649322549229495629997120958586601300343585
80522019012032306345581877465133915479658560205571389614255669695676919990633
52606881371716682767384684406520776212972840049185485665595477705183323083639
23431703443007672759783598522811502706031250626855306904619767152356454199061
12172160542179200238447996554827217422105557040440108871257497390105623133858
54648595286026461917350125217046543417843643603285359449117645251073480904793
90714621385468709051901564099238273515641404320942369731300790811948960630507
97409293955696417224325365417714796092740335954308449328466077196539484545134
70192042615031774271145285528910847580181813049860078649973266846531146752292
21236927413518316849677553540042351942941304081640604929389217029358797105232
91824838412758576562485736001091037467665025596833400553074579972384649500064
74208616679660359363674496783880678702862696650201601866930191507466754377331
71169872475779727954619568444260077668452484714563538192811204710521182244219
41120492250292211583962329334902454111991991642761700800296001482996907211675
104579978457253403733617453666577334225060444116602004827231997516896915435889
42682436720889348374647432082291153204142925734207166013457279041572218015510
93279768276697963260479845248353480590361996145923353482055091722578656614999
53442413095298113751036827787683908641894622402836598700132840129423956472942
7086040966446802015259607808826210753431321105117458608203428136959029242066
63311293084453963269127084678905386108410036526285441148727803223527538524936
105777254822498727352622427199325999869994077636265995075701890968213152161447
105075613961138084992009152340644297754173114043909070774992709524047890863378
75263763362694775990513768027910177186463695788143796648659301518191529753043
106688939954595544864731028373167638336696252486864145151680554942792574787430
103903907184800465987926646293817187588967463827056310823422856646966098491139
57304690847815581796231324309466988927624332551842198539297865225322022278941
104038267889045276588123377332368445244717893595965151422038224469663125289492
71089134583336935891994257136896352145868978564305544706086421428554275974457
88215106551724880713758657473119122623347171242977180568920333085376270075955
18655240562075730422098036655624329518983693483037411037817795821647534476079
13656585290341045382061736511357644665714018023243481526875615335657424349854
63945519607748410167213249707852400056227457401126875375349957413199066926010
30217120441876330966884779735564290311620016616751017365593912937440615458733
74780143142105282884770905767816549275031634819885539451019925899468487171460
92383898779430841238838009852324697962544236050903656662792582078457798839444
89682335600234132203102326800961007952594680001057706809144884272457047754493
64460566626870714984157414937902626497888370398196221843558267849715479250283
28543237583945601669234155829753455603967099419495627530959536241393981487776
113967849415813827241845395310940742252260312395151746127602430730692105495435
16656208254783794326469504904784395084592499127693283618928812807124305449278
92823404042850576004572107290367581690971538308489961244042082011884790295376
44475664967166064669767966891531430711451683985512271860080820683629984416948
71884903428381640574762443961724575862599190921581951019903423910674162925732
4729720082715204859273944501372888459639685022192728584203445814160043858126
17161596594914453607166149316082796180053706434954319988272541151619360517982
47056890412907921435617221366864079233763636920955263055621755849617263641881
98037331437148901154183339589813857080882490252666757585674769043682911898986
85211862549107629556566766766140610843504049539456338460637494948303451494279
25395018751261645103288114422731422565513512618389162703705733440132500676491
105156267068783574311417190883948073053812805945803069960740636054857533556939
24708932627173551325689153054940186322510584619492383370554041620634667010243
50021077797505254581031717496333310741035670396469837888021277374254910735842
44419225537632723999609990634705918763395601524040280344136180599585637946347
36232601445193540252792660168030050919384255231419996149752158363901619755127
32730983083265882148862960870605384592556684063659157159825783412995723454498
13584323357907346657595127903277011024121120280429176738707379468582448169170
113682025856329912223180620729381409059520869920449259841929844958468230699026
40493619525078326065529460429983740097603794075229585222917402167506098354428
62810771969846645048911993935853994043313675297285335887676856413018974865006
56374957026553551174875827514889385319352843846748773828870932810701774391536
113043382270310894860451922891117067928666304883333657848976793415225479523401
12490741013495374205345639812317883111346422460350779130322097743041104383631
15911475814562907189417064932531761846029121186807233861202582073369536988908
85960537373151283269731470084955379552303089019037335670470866735054917207545
110068752543416645213981409300264418535321778041423121213561355372219798401489
5013189004340684388470786554726868671680391932318033284373541110035092969202
38202254209896278885273528349119134428686149671747586885095107708831665268794
36774315783975227700741892624446359484830029077749105295713781585167936162055
7122237541850509610446347508899946518153863190423987108167629068211759520236
83963452043778741297221614126713262674478457480061821838914916619319631647152
82078729311010967310898277088098626092586276894649242281578818453395299323063
27955582209311003997411553289529319029010653747741917479951444887441324896930
31449301673234494122180996061812527487425658528154976247897507571431876145914
75934481616264782934052451836113730095017674758711534047521943386800419676010
5760352201479305140940734751688979712817148597654656450175063208167847330001
93807538991607152484076732362734884294865898773420626435710862774611730471464
58944942559942740546828840671404931729633848593083890362372503317242145463477
103375255646729852432032773412174540690166811787971016903494625528057212957866
8970773082485053448682211099389217357795401896823437729641971675472900868011
16693722823914117439148813706925456219344327633981470859947757876291104877522
72291338502400396760959546566840451062593442070279066745202769654132018253657
2939925121375223825773738679139510836982183637207386479955830926827124584612
28407920819569158732685249777015556572319074203101676477568085048426146729856
55715877505089002687288301534588594929438941409252355091395769418645303364543
77825069791060211780972718117815772518849684141641611987473867002496902818533
91121617141412162999856166496232883464343760306423062193820022889050082229084
51660388691527122278993812417760361546540452415944645887149331401757579059952
50029237023062915861874714103879700630820004560590615493992468284299771077383
78146666099302908297291792596932455865278971099870429876465354565234410437747
105689348892806010515335050481350212812102437181760437807822051687132417168154
37761489589853464046723491228830631908133600905761425372203156321103531914499
73915930725741653837419548806505521426704803536513766831656571679753809100817
64703394687417953553356651487222054225493151042592649266616810045277470409189
82631096168143341011905874567123671585456080618579353796350967315477404739328
58398003171708684827365389011615208608237985725563664471688636815172515728147
20209505258720364690037332619864241891986615055254552140866887841780788446166
113554796083962667539382265516590222279381631703402303788246505715980596392773
61000037218336994449830715104934541009471302156281426157110690412731430136334
58670813140549378915874368550734531734928123338770047346642219838572086019691
24175931672396096708877728278251628213980669921294306398683263114246140172202
10448904851829742438588309148253254630484514904636862766265269824335591250708
108710474800563860833057681391975031274749208999488785295900540162715438930221
83154617435294357465068541252159800620269002354216968752493298041887677566947
16049571185716270532541268719792225443170015995869815125613427616640633680976
50879765949592200747973596324914130556967142059454453238637421545421685790350
87432271755755341002979750476601049466119478746560675789970948477570481416090
41403509252718993423422158005997835477443829361877399380829234303242441139066
95085538917478605669714316184647856841968206979829720290443426461130400493358
64261006159960961282053344461847147600207120087728770266007793885175135010995
93425862209376603109141999672964360082100865664221660446733958099315198346102
56671824686501539489539759849146530185033800609627313381964786439059737602127
111084237577949705281297346964072264860113631922128094495434648396933590756517
28199943053723366270088881112815776485371010164190771466033089476369808647093
89730227745859196425677126341782523636667802696257066968429907534352645856673
38786634301245476341322560367888010956417955267696634721498073217360949765265
44855555895618135933119284054921925731257544483647771510121038821861834725294
3591910403640628934585674944055347522064380437021390978653992167050221766259
7787834403951508631112159622222142826083449465430881653720812001758717260812
73349013505811323158089280508869977008332023578892626552594305712494007944629
102927485855423625626375234529398290359648231454864002554458301169579055027920
11637529570638994407904679844410652806826876842301587067204254463918030443248
28538231627209332318858943021548704637119417254180533879454304000925833267932
71842303217067966969647922545376501121852222038896482283651029969368216581149
32392084254939919777941963497223265433920581932624095423051350947990099424921
99903450990967025245473712903528234282897941494555613181333316920952508799518
90591650642360389779149376878555929936451139732467292929079211919077069662793
23556735556391977836222564785189058343713806329274438450387191301904662527680
17613789222600621640162903005830390660215718967469826774572529241019010414148
25594805278472058636394444857298826009034352293907441299183930804512318696533
39774373965204058167568430863638509135029615044132922723197284051334348784349
13201780115410993445662868345629388400099822486448351371844137937457857489360
14333019528740899748248482226623965337871321460981174470135031770686238090950
91660704019780833765682748520037624871148904435806765157499616151518459115911
39215947380234526497501125148615044355460744739638960293011764209060979260078
73874689945188519650903188223592452743344421396945957019454107057812735724688
27191249634905405200589144566527363082917541685348072230401304653129429949184
110239964801556405410689664851427954484649464294451486440115284388884421952305
9728519090952050672722083920870113627144814154755450720548473930477765036674
49056216893860039239238557042313171481034534852061412732605840759749596888883
35576417366508005367871049661404352813731636966511397925425898420842013444159
56504293946988322705452500362097054468660367306216175320128864448000281175928
81911637802505899190766535202689560419282784714795335294529994727356149093287
105145021940605394145629890957359140439322829039619452764371784212558562143206
78876441914610460546869630282526251840987124818392796328951195785610610874898
8427672415128329853511484370793432609110036455297942441759779959800538642844
55668325125709469135212356195641101060390356675452109179162845410918875313258
84736052191135290419248601967219722278047501198068174762707130350815037247280
27944693701819312513160625593995314468995142421780767305937287297017161374774
102343925448282093383639337898583893693048879257269136281988257345725690885781
89580699737707616705409594251570512323406947210104299997112790405398776278667
47852382531872864819562960674686692060676024374754331111439447286342366267064
3083397838240354537973732588025800964322415146148241841194150492884069245671
87698877767363858451723603693381114289670298954801433979794682729352362684353
101595596511073916208034960352407734754842360562735715002001088019919296243775
109106506637640390067454667482768916530401049132603555429659390121873662011137
56573037459319093193624006804192824965505308408015980803465976657649055439720
94542749444540646900526868303839272678340389628951563082065533826163734041527
78625939136169743053836153549840499343473071540916911985737435226527534169933
77604739606048428270305537509671609403683602225204382696587298103137076538529
79597623453837030084851619648503662086448134730123363135362375313971127002204
62630766565212862260780305841240367417569915104725290667900828773138172504683
102262001291911863214943779117936047276716032601438431269259012886830707511666
71391300952691880911918829953677708283367864184726035736767175277140647907482
86771045132889609955100947101536736968921099701788982773092850011189898456555
60795937579081852959118186170535104484982988840133331573711915953487144268759
88389312395902773035667396979949812380789083155297712612851848110884910585433
22619225765284818645283326679756367047126869352563203717298727944110464564574
84093584981221689240322041557962606884520578843807323225181970126526847330621
49122869596444002696764900944714293530299573973213969121418019457734235542096
58303106778599015502001877694000587198005554603444248230602138587893181785603
105284439005230284935528529361287017286592247430076750322316858735600583518375
89550380379357418463674925553736125397453980762309768878905068083541262560053
22416933600539702683041244674116949912263678404641958729100490300648252405842
113974790507448146535350591913878421123019064979106180194223981691368644920116
28504895517561456945052164394536808073237812839391341361455761976312961983398
107722941296919187342978576662999223096039432626243848815623167963506759614128
26497085836278049249956757286575940710128715007444105467148919175110549832395
69871535783760145175878320815461180739776920829757899468111914057855732705459
68300531879154151906451778064625604388017169874312482731999420562919027652649
34083549124103795390077214155925806567904541177282493715320586061414596374075
1985350762036770054386992227118585640015917883051041310473694158945866452797
65261661679399796604292221794663242185237224118064219200379809195207943613586
112117339682521803315895615586033302360477899001640914144970673590218936709618
11431175680609599396051211263310813567399973394313767521668318908811907854025
95626744061071830531470234079589546969404603330246572688105651762355850558293
112902314782040753725119291393744127773600900025476468600298652139112555146853
56007919525445842177328488343840136632478668409415740755602158445579226380693
47520132527694694910296164863868370109688423525090130618218913508185031316735
102744101476259806489491698813019444356637703367042017532464792972150895329764
97539848514898330839351089114223134346838457237190316412990151436245814806678
61354634065055822747479580911683670502144497977461465969646746548782839150491
43259482753123994819167916129138655833646653592742310913622598528556927213828
40623078663903109688143272651461745182603712120891927564329942670602309720423
82600992591908171790557321907333784769131363023868958354891857849674134265263
107396628180959795654218336925838424399720523740882701350991487927598472658241
41361486160798638287831595802812948388792159879503550272894882611410729373220
6860351655182462976422641718051550023254893901331423324680250980878713896913
107600039610417814720190830149299667144966959654471182493193799227884198277161
31984333295863808409946617784303207975950049709524513916800039905649674470318
82586020742213354802099533881817063942727831548241104318121179289598918303406
103910356155520229309159327482851418342304684770362247889612218839340131519293
96850301918440123379670453358889614440929720629582240865658851584420883026638
57510684538103067446549396716083786437597764920668075825117815185856820320505
77799374264800395250649006947589401034126345111124602153483635151912297628304
97997843610296742694093261922341413625058393861353356489205418433291228635818
1074511023909602129530106624567982708083135585058487291707856150048171120800
11906894686838944623056726269331211607104887168427846638501354155814525881016
112305703080451547065700893836904041001242075875985170609472956416546136346660
9364219660191052633619795698623113927436193772863263687064203582988777166327
33768461933538653031233007317132398079249087988628176002541654509572451668700
33410671147131935564348072342550841500823777232026529505122974519895477370532
95724991042464842152828222800088129076712184202934820732080480799291938590606
14699425661681235669198491996412366009065061046864910235643937069660230693890
51459432608088372293012781542586286355031311887744057226105844350493227741168
85478849344889753565829402551081543728253091105255993710108739235198037633206
10474972290942904181894312250122292217314593417946404836270055244926977326709
30475811336980058429593348662214904661981524442222554711242831665739761687112
67111948709337456959543797622261384227046337619834776436577884942639124843550
44167560843137655337547434944216593079114164513322491073934842351965481797305
28737653010089294257678335515172066369258805722053033253159594887825923818015
105896434298830500076820257908031277652934238681182757288285267543349249707084
23653777911520706052875969073946026860171107545903846660831574525906016924077
31358350332985910428882263556061526831827232110323420528067573064051633545270
6637315074086634460750592339504788709175786310532522465699769011291416165501
31395231868662470565356474962333425268869245246470128152083529171541297379711
23051889268929876191541120555899165931617477020758456102941865881948704964168
82200421907402257200133257688396201116192181537232002587627590013396064623333
104980708716305627963879578465648083549609734805849046462187802068394553454696
47493683926283103093078380859335995929202831512065971234168784676522257360819
102526087392231720230382080181406146874806478430718211937205731153701274883863
44121487670557588461086990819264295071373149350769836576101000018406404514798
114459330362937365295572685923616037175414884955016482869282758043515791242593
76434602106938333439080132498498114080959535449697162223638007969960948821090
5959330943381062288755469437802207638580227722201793150399262845320079262670
73306986471346830916134663044127509960668123311873644164967539181786381242083
11373841523842693362242738298487104149740991937458443738434280774208179475140
57027548498899602297604160023208036489243692573341605554310120219813627722909
39110517393380792793870916947730079517736879403180584003339748144068199256400
31306281323199980713500624372356479342844744194216866239878505142673051224076
18964405986226053785377186490265321495313421328535164865766219232336422387026
98281870282516747816292489467455837922149569994607334108226862980367317782098
99758024538861405889315458802599262832020770315464007176198142731629521194149
18998824386748696355525482450236215232810272605901809823211004115045302456263
16653562102688652261125158209411312415275944575603187358517562878437184094284
26974160610995988379578700729797988274702241865114382127212783228091889154907
17289321716137777267189132817639152190992364829745183243946710403945094714605
49020138578673512648181965180986925721649965037719060513917963711121442539439
3291768686038329580926217468781048022950208182580454056522037836252143885523
95635389897934969685831880901347078889705315578091130910548446750423478293337
54395901913224391861579140064179529873563110914651304062885610476277459671339
14366802014605058519579286124389759002725197769684405754313319576062840580
17125613815154698613521550150440509584432600620217868967383936101670159837737
104923735992171276819416133718580630107129785497743255808295526004923748487720
114303763410909051134270773319662202151346750865316335030115429025209844739984
100252424861917756664723996204084544594553955127397146501676747002825346186347
66654254447766145532258797939912769126653199535614246419412920279103008059391
34972226245062746853399815365624013552206334722271800633073781062752735286145
59929217649777112317525018817819646434085618223153558947946514157294590280563
95838921072230106379455632501343376207236383427201158732614398764216803138170
96975491406908372572248001171962761207648911184549170894358465076826361042680
4139696567462053961964642589972113145480172530991914073950907728363336957258
86360440398569911314921720816463398661507069778864812010426249905940425934747
41066839782324395010592600623255204132138487221855407560783714258065788736596
98641886750593484638852053290660715460092306430217612451433740519197766886163
69927568973785655995844912311100132140796345002595983634670825973587642882936
10001704743538468287336351746578327089246700682467844231893807459930157679195
10533630436860784788282949225897576016197194452756031763587786770907930662176
94670552078216232786449345889300102797882861186693164506280640763361561864217
95059487642493786353278760538558184129500484296924069708944740301178768013721
6281032375593402202108945974950301062907775423044304743232052627118053539713
111959183305115097053318069765130681998735546702375095713407625624192372501453
18644562538137616629556334986859450334312757916639803900600592717597423418577
38486919654007496068937835333077507362662799228586398421391779793158191117929
53087359109590207308876240845018758104647196017020352993064452996270081735938
105561911236113144252369566450399213602896945121687525335953151465387821863683
23887919144297428265248819845246853623844592784214575558607109438481188981453
21322600634503714335731412801400836736566232171188549276705040609689231402808
27282006387942941423734581163794596467076685569913332183051115048603088491498
18282350580472507102185001034582337327368021448669396800152827737669572844692
21880584428512809542550575233162201916565156326631746481342465850171447104977
40542257872066685022057703784597347466152736390073523365824233802111310194293
19747604807642281560735407380634099058424264010250698941741369341241910289943
278661150414145803834188259349904146657327643806045147995711614491491153917
86444479266797723165086735489617629153642817708851371538984794660555155070459
20349857057461633965934301528363103157240833929302081934307399469234096983455
72692225866676995561781004582886258903081604018568935430880031523627777946827
2373754618661016631019858852521536273896450702825407754456772840756931930579
103170927331957789362970356046718358936065523366674801222193362594616532230097
4890748728904468817751056763752335344950562091999553418261906708683928535591
44072857798063841467796234175501303460541004879437662722515078593397583473291
7677476664007235787683085325681557462876165445190108108475538547267757004149
100039467623010972302798205536649893516969862196211356603749543676907838431578
55329688457320808119565565985073173513939544108400441856757719767740522961012
87221798030243457162166630049624826886412355295621831363565741035169090194662
36340433877050683519046571526843056904505084366107341634431186841479439093324
68489292793385141979507907060701994899563057001426472672554889717593649126105
105209042544980555842031288954514842323141988792175068298626969924954645187246
79812837802745943110841491465831964084692685741296483307797996826874949853253
33456434724427828426277024158676138105678308826206528097236109399852977248183
19525191459102481722742618149770950335242367357639192723714609128312268158387
92845100418405455551840517468447350301112828933616455225587639049483405340767
80233707630286531716889459899206202315227458889395801616949305083481785216946
109210937438976071230486338280784462165728160065977785915495017101627041255247
89542014303169605919404196667024845450527962291461200713625444992544071115312
54899255543879778818569754573921265374125061228076685219429034692659344639707
58941654443523588652210735369081567484665333332290685493902602032021915019638
54127704814619343235199408568245635943671261648136203512296043943260278456577
9343531025167947370654626524317529019876180298977129474498153940779660636959
50927092867907772934527377308873835257655810352758766271077224330284207974282
33645454375953641567601647747271006752133585245942736295433589827237504786014
99514278050356136830589268653394168094320076069506805226730017100983915112070
9075143558486257839698029324352886065981021263798518423384540065573104654035
50726230681483746688010994168267843652755724619678855267761061162807281000175
94810339658465163475124739029037413369823928966118306901074375887832008606772
104040668242594338842852365702403184060526310580006797035411584593945401745200
112354209409642771990887634721747912869743242134771253379261504268624787279394
41841384758742113690403901599868111520076775363220945945953359275820825358398
111737550774594019922069080813714310077237571321288264930412949602073962571401
47051952248972674291113673481185605587984419392166741693432530145842323248813
71130064394814607919016867970774916723483837969005882692990432924249181394021
37262096400328135870502893916521449172232281548410536602814816300422908446168
13601002964216545362745457831216315119417864720477687591397545656136810657855
101633539282252996966108869355756428776947645442176162127446607903845782296078
84540741961324282453181463989251510053385747117568489687194991123739478437950
62058426470319482222540786425488629989431175544661637668258263433439945308961
54596555010253449572049493614416762597397528752915608519765428703103704601963
73739566531630650557424186709976043384303555671959695031393291061737791461892
58556567767635920381008165908952494224767584364167394343982278941365574625648
36313239698837626819231682028798557709225343360953806681316663209467442968692
27703603586944393131627720417542913309441899634635527458590199460008812301934
71023694466040564190070058227079733054269132816102410651720372292429177764862
90429189286333599229195360758390735620016309013364525613242007605242644291758
66279486871444583425286191358087978479634588888645592725795786455867018214090
88983778820150782086102357593346812155181654167527786955498954734531644303865
81280108547876862983730682225625747697289759183474888424007169382295662379563
76276796719871409315799827458533552357650011258197293654650488275204184731442
76562113161492729367001929770491593122063515390753354735405804172178708118245
77965695038112488735519681295153347166689632716202062107382739218645677974158
28182344748605895096064367614155187565417997184838161374118259941994572971812
115463654099597955830537738980332672931938747339870354956538496522125322828124
63558271281816398696929112567450958635895712752382985570919034651811395123417
75909025545738472326548078590383912807576361346723177257543081426593303883532
12135069997724729837465557498122211301789244057328685320923309722756937978929
103950270778785605099434650939365706040799831827935974560292431282824154060497
28606022252182847845901115772864131654003327500194503695447186537354297354758
93315135549162511895507058374291206826971344991745983545411517613480245532206
56101866027085567401151754679562698339608838163213221148364571913986470267028
2464756846737390696165499325876285505689203369723324771627852460957176644001
26145711977236825162844908677304896866994297998618863822818720046775623450631
